              precision    recall  f1-score   support

           0       0.44      0.82      0.57      3898
           1       0.97      0.97      0.97      1511
           2       0.28      0.01      0.01      1426
           3       0.41      0.27      0.32      1800
           4       0.59      0.60      0.59      1709
           5       0.49      0.28      0.36      1718
           6       0.39      0.23      0.28      1620

    accuracy                           0.51     13682
   macro avg       0.51      0.45      0.44     13682
weighted avg       0.50      0.51      0.47     13682

[[0.82 0.   0.   0.04 0.05 0.03 0.06]
 [0.01 0.97 0.   0.01 0.   0.01 0.  ]
 [0.7  0.   0.01 0.08 0.1  0.05 0.07]
 [0.49 0.   0.   0.27 0.06 0.13 0.04]
 [0.24 0.   0.   0.05 0.6  0.03 0.08]
 [0.5  0.01 0.   0.13 0.04 0.28 0.03]
 [0.58 0.   0.   0.06 0.11 0.01 0.23]]
