              precision    recall  f1-score   support

           0       0.88      0.95      0.92     47857
           1       0.98      0.97      0.97      2946
           2       0.53      0.20      0.29      2684
           3       0.72      0.67      0.69      6451
           4       0.93      0.93      0.93      5329
           5       0.69      0.59      0.63      6226
           6       0.73      0.61      0.66      3375

    accuracy                           0.85     74868
   macro avg       0.78      0.70      0.73     74868
weighted avg       0.84      0.85      0.84     74868

[[0.95 0.   0.01 0.01 0.   0.02 0.01]
 [0.02 0.97 0.   0.01 0.   0.   0.  ]
 [0.65 0.   0.2  0.05 0.02 0.05 0.02]
 [0.19 0.   0.01 0.67 0.01 0.1  0.02]
 [0.04 0.   0.   0.02 0.93 0.01 0.01]
 [0.27 0.   0.01 0.11 0.   0.59 0.02]
 [0.3  0.   0.01 0.03 0.03 0.02 0.61]]
