              precision    recall  f1-score   support

           0       0.50      0.98      0.66      3898
           1       0.97      0.98      0.98      1511
           2       0.81      0.04      0.08      1426
           3       0.74      0.37      0.49      1800
           4       0.83      0.91      0.86      1709
           5       0.73      0.41      0.53      1718
           6       0.80      0.37      0.51      1620

    accuracy                           0.65     13682
   macro avg       0.77      0.58      0.59     13682
weighted avg       0.72      0.65      0.60     13682

[[0.98 0.   0.   0.01 0.01 0.   0.01]
 [0.02 0.98 0.   0.   0.   0.   0.  ]
 [0.84 0.   0.04 0.04 0.04 0.02 0.03]
 [0.47 0.01 0.   0.37 0.03 0.11 0.02]
 [0.07 0.   0.   0.01 0.91 0.01 0.01]
 [0.47 0.01 0.   0.06 0.01 0.41 0.03]
 [0.49 0.   0.   0.02 0.11 0.   0.37]]
