              precision    recall  f1-score   support

           0       0.57      0.94      0.71      3898
           1       0.98      0.99      0.98      1511
           2       0.81      0.09      0.16      1426
           3       0.67      0.49      0.57      1800
           4       0.83      0.90      0.86      1709
           5       0.73      0.48      0.58      1718
           6       0.71      0.54      0.61      1620

    accuracy                           0.69     13682
   macro avg       0.76      0.63      0.64     13682
weighted avg       0.72      0.69      0.65     13682

[[0.94 0.   0.   0.02 0.01 0.01 0.02]
 [0.01 0.99 0.   0.   0.   0.   0.  ]
 [0.68 0.01 0.09 0.07 0.05 0.03 0.08]
 [0.33 0.   0.   0.49 0.02 0.12 0.03]
 [0.06 0.   0.   0.02 0.9  0.01 0.02]
 [0.34 0.01 0.   0.1  0.01 0.48 0.05]
 [0.32 0.   0.   0.05 0.08 0.   0.54]]
