              precision    recall  f1-score   support

           0       0.50      0.98      0.66      3898
           1       0.98      0.98      0.98      1511
           2       0.98      0.04      0.07      1426
           3       0.78      0.37      0.50      1800
           4       0.84      0.92      0.87      1709
           5       0.76      0.41      0.53      1718
           6       0.83      0.39      0.53      1620

    accuracy                           0.65     13682
   macro avg       0.81      0.58      0.59     13682
weighted avg       0.75      0.65      0.61     13682

[[0.98 0.   0.   0.   0.01 0.   0.  ]
 [0.02 0.98 0.   0.   0.   0.   0.  ]
 [0.87 0.   0.04 0.03 0.04 0.01 0.02]
 [0.47 0.01 0.   0.37 0.02 0.11 0.02]
 [0.06 0.   0.   0.01 0.92 0.01 0.  ]
 [0.49 0.01 0.   0.05 0.01 0.41 0.03]
 [0.5  0.   0.   0.01 0.1  0.   0.39]]
