              precision    recall  f1-score   support

           0       0.91      0.88      0.89     47857
           1       0.94      0.97      0.96      2946
           2       0.32      0.37      0.34      2684
           3       0.63      0.66      0.64      6451
           4       0.84      0.94      0.89      5329
           5       0.63      0.60      0.61      6226
           6       0.57      0.66      0.61      3375

    accuracy                           0.81     74868
   macro avg       0.69      0.72      0.71     74868
weighted avg       0.82      0.81      0.82     74868

[[0.88 0.   0.03 0.03 0.01 0.03 0.02]
 [0.02 0.97 0.   0.01 0.   0.   0.  ]
 [0.45 0.   0.37 0.06 0.03 0.04 0.05]
 [0.14 0.   0.03 0.66 0.01 0.13 0.04]
 [0.02 0.   0.   0.02 0.94 0.01 0.01]
 [0.21 0.01 0.03 0.11 0.01 0.6  0.03]
 [0.23 0.   0.02 0.03 0.05 0.01 0.66]]
