              precision    recall  f1-score   support

           0       0.77      0.80      0.79      3898
           1       0.99      0.98      0.99      1511
           2       0.59      0.64      0.62      1426
           3       0.75      0.73      0.74      1800
           4       0.98      0.94      0.96      1709
           5       0.73      0.70      0.72      1718
           6       0.84      0.82      0.83      1620

    accuracy                           0.80     13682
   macro avg       0.81      0.80      0.80     13682
weighted avg       0.80      0.80      0.80     13682

[[0.8  0.   0.11 0.03 0.   0.03 0.02]
 [0.01 0.98 0.   0.01 0.   0.   0.  ]
 [0.22 0.   0.64 0.05 0.01 0.05 0.04]
 [0.1  0.   0.04 0.73 0.   0.11 0.02]
 [0.01 0.   0.01 0.02 0.94 0.01 0.01]
 [0.13 0.   0.05 0.09 0.   0.7  0.03]
 [0.11 0.   0.03 0.03 0.01 0.01 0.82]]
